0.000000	1.000000	
0.140010	2.000000	
0.180020	3.000000	
0.184430	4.000000	
0.220020	5.000000	
0.224440	6.000000	
0.228860	7.000000	
0.233270	8.000000	
0.260030	9.000000	
0.264450	10.000000	
0.268860	10.100000	
0.273280	10.199000	
0.277700	10.297000	
0.282110	10.394000	
0.286530	10.490000	
0.290940	10.586000	
0.300040	10.680000	
0.304460	10.774000	
0.308870	10.867000	
0.313290	10.959000	
0.317700	11.050000	
0.322120	11.140000	
0.326540	11.230000	
0.330950	11.319000	
0.335370	11.408000	
0.339780	11.495000	
0.344200	11.582000	
0.348620	11.669000	
0.353030	11.754000	
0.357450	11.839000	
0.361860	11.924000	
0.366280	12.008000	
0.370700	12.091000	
0.375110	12.174000	
0.379530	12.256000	
0.383940	12.337000	
0.388360	12.418000	
0.392780	12.499000	
0.397190	12.579000	
0.401610	12.658000	
0.406020	12.737000	
0.410440	12.816000	
0.414860	12.894000	
0.419270	12.972000	
0.423690	13.049000	
0.428100	13.125000	
0.432520	13.201000	
0.436940	13.277000	
0.441350	13.353000	
0.445770	13.427000	
0.450180	13.502000	
0.454600	13.576000	
0.459020	13.650000	
0.463430	13.723000	
0.467850	13.796000	
0.472260	13.868000	
0.476680	13.940000	
0.481100	14.012000	
0.485510	14.083000	
0.489930	14.154000	
0.494340	14.225000	
0.498760	14.295000	
0.503180	14.365000	
0.507590	14.435000	
0.512010	14.504000	
0.516420	14.573000	
0.520840	14.642000	
0.525260	14.710000	
0.529670	14.778000	
0.534090	14.846000	
0.538500	14.913000	
0.542920	14.980000	
0.547340	15.047000	
0.551750	15.113000	
0.556170	15.180000	
0.560580	15.245000	
0.565000	15.311000	
0.569420	15.376000	
0.573830	15.441000	
0.578250	15.506000	
0.582660	15.571000	
0.587080	15.635000	
0.591500	15.699000	
0.595910	15.763000	
0.600330	15.826000	
0.604740	15.889000	
0.609160	15.952000	
0.613580	16.015000	
0.617990	16.077000	
0.622410	16.139000	
0.626820	16.201000	
0.631240	16.263000	
0.635660	16.325000	
0.640070	16.386000	
0.644490	16.447000	
0.648900	16.508000	
0.653320	16.568000	
0.657740	16.629000	
0.662150	16.689000	
0.666570	16.749000	
0.670980	16.808000	
0.675400	16.868000	
0.679820	16.927000	
0.684230	16.986000	
0.688650	17.045000	
0.693060	17.104000	
0.697480	17.162000	
0.701900	17.220000	
0.706310	17.279000	
0.710730	17.336000	
0.715140	17.394000	
0.719560	17.452000	
0.723980	17.509000	
0.728390	17.566000	
0.732810	17.623000	
0.737220	17.680000	
0.741640	17.736000	
0.746060	17.793000	
0.750470	17.849000	
0.754890	17.905000	
0.759300	17.961000	
0.763720	18.016000	
0.768140	18.072000	
0.772550	18.127000	
0.776970	18.182000	
0.781380	18.237000	
0.785800	18.292000	
0.790220	18.347000	
0.794630	18.401000	
0.799050	18.456000	
0.803460	18.510000	
0.807880	18.564000	
0.812300	18.618000	
0.816710	18.672000	
0.821130	18.725000	
0.825540	18.778000	
0.829960	18.832000	
0.834380	18.885000	
0.838790	18.938000	
0.843210	18.991000	
0.847620	19.043000	
0.852040	19.096000	
0.856460	19.148000	
0.860870	19.200000	
0.865290	19.252000	
0.869700	19.304000	
0.874120	19.356000	
0.878540	19.408000	
0.882950	19.459000	
0.887370	19.511000	
0.891780	19.562000	
0.896200	19.613000	
0.900620	19.664000	
0.905030	19.715000	
0.909450	19.766000	
0.913860	19.816000	
0.918280	19.867000	
0.922700	19.917000	
0.927110	19.967000	
0.931530	20.017000	
0.935940	20.067000	
0.940360	20.117000	
0.944780	20.167000	
0.949190	20.216000	
0.953610	20.266000	
0.958020	20.315000	
0.962440	20.365000	
0.966860	20.414000	
0.971270	20.463000	
0.975690	20.511000	
0.980100	20.560000	
0.984520	20.609000	
0.988940	20.657000	
0.993350	20.706000	
0.997770	20.754000	
1.002180	20.802000	
1.006600	20.850000	
1.011020	20.898000	
1.015430	20.946000	
1.019850	20.994000	
1.024260	21.042000	
1.028680	21.089000	
1.033100	21.136000	
1.037510	21.184000	
1.041930	21.231000	
1.046340	21.278000	
1.050760	21.325000	
1.055180	21.372000	
1.059590	21.419000	
1.064010	21.465000	
1.068420	21.512000	
1.072840	21.559000	
1.077260	21.605000	
1.081670	21.651000	
1.086090	21.697000	
1.090500	21.743000	
1.094920	21.789000	
1.099340	21.835000	
1.103750	21.881000	
1.108170	21.927000	
1.112580	21.972000	
1.117000	22.018000	
1.121420	22.063000	
1.125830	22.109000	
1.130250	22.154000	
1.134660	22.199000	
1.139080	22.244000	
1.143500	22.289000	
1.147910	22.334000	
1.152330	22.379000	
1.156740	22.423000	
1.161160	22.468000	
1.165580	22.513000	
1.169990	22.557000	
1.174410	22.601000	
1.178820	22.646000	
1.183240	22.690000	
1.187660	22.734000	
1.192070	22.778000	
1.196490	22.822000	
1.200900	22.865000	
1.205320	22.909000	
1.209740	22.953000	
1.214150	22.996000	
1.218570	23.040000	
1.222980	23.083000	
1.227400	23.127000	
1.231820	23.170000	
1.236230	23.213000	
1.240650	23.256000	
1.245060	23.299000	
1.249480	23.342000	
1.253900	23.385000	
1.258310	23.428000	
1.262730	23.470000	
1.267140	23.513000	
1.271560	23.555000	
1.275980	23.598000	
1.280390	23.640000	
1.284810	23.683000	
1.289220	23.725000	
1.293640	23.767000	
1.298060	23.809000	
1.302470	23.851000	
1.306890	23.893000	
1.311300	23.935000	
1.315720	23.977000	
1.320140	24.018000	
1.324550	24.060000	
1.328970	24.101000	
1.333380	24.143000	
1.337800	24.184000	
1.342220	24.226000	
1.346630	24.267000	
1.351050	24.308000	
1.355460	24.349000	
1.359880	24.390000	
1.364300	24.431000	
1.368710	24.472000	
1.373130	24.513000	
1.377540	24.554000	
1.381960	24.595000	
1.386380	24.635000	
1.390790	24.676000	
1.395210	24.717000	
1.399620	24.757000	
1.404040	24.797000	
1.408460	24.838000	
1.412870	24.878000	
1.417290	24.918000	
1.421700	24.958000	
1.426120	24.998000	
1.430540	25.038000	
1.434950	25.078000	
1.439370	25.118000	
1.443780	25.158000	
1.448200	25.198000	
1.452620	25.237000	
1.457030	25.277000	
1.461450	25.317000	
1.465860	25.356000	
1.470280	25.396000	
1.474700	25.435000	
1.479110	25.474000	
1.483530	25.514000	
1.487940	25.553000	
1.492360	25.592000	
1.496780	25.631000	
1.501190	25.670000	
1.505610	25.709000	
1.510020	25.748000	
1.514440	25.787000	
1.518860	25.825000	
1.523270	25.864000	
1.527690	25.903000	
1.532100	25.941000	
1.536520	25.980000	
1.540940	26.018000	
1.545350	26.057000	
1.549770	26.095000	
1.554180	26.134000	
1.558600	26.172000	
1.563020	26.210000	
1.567430	26.248000	
1.571850	26.286000	
1.576260	26.324000	
1.580680	26.362000	
1.585100	26.400000	
1.589510	26.438000	
1.593930	26.476000	
1.598340	26.514000	
1.602760	26.551000	
1.607180	26.589000	
1.611590	26.627000	
1.616010	26.664000	
1.620420	26.702000	
1.624840	26.739000	
1.629260	26.777000	
1.633670	26.814000	
1.638090	26.851000	
1.642500	26.888000	
1.646920	26.926000	
1.651340	26.963000	
1.655750	27.000000	
1.660170	27.037000	
1.664580	27.074000	
1.669000	27.111000	
1.673420	27.148000	
1.677830	27.185000	
1.682250	27.221000	
1.686660	27.258000	
1.691080	27.295000	
1.695500	27.331000	
1.699910	27.368000	
1.704330	27.405000	
1.708740	27.441000	
1.713160	27.477000	
1.717580	27.514000	
1.721990	27.550000	
1.726410	27.587000	
1.730820	27.623000	
1.735240	27.659000	
1.739660	27.695000	
1.744070	27.731000	
1.748490	27.767000	
1.752900	27.803000	
1.757320	27.839000	
1.761740	27.875000	
1.766150	27.911000	
1.770570	27.947000	
1.774980	27.983000	
1.779400	28.018000	
1.783820	28.054000	
1.788230	28.090000	
1.792650	28.125000	
1.797060	28.161000	
1.801480	28.196000	
1.805900	28.232000	
1.810310	28.267000	
1.814730	28.303000	
1.819140	28.338000	
1.823560	28.373000	
1.827980	28.409000	
1.832390	28.444000	
1.836810	28.479000	
1.841220	28.514000	
1.845640	28.549000	
1.850060	28.584000	
1.854470	28.619000	
1.858890	28.654000	
1.863300	28.689000	
1.867720	28.724000	
1.872140	28.759000	
1.876550	28.793000	
1.880970	28.828000	
1.885380	28.863000	
1.889800	28.897000	
1.894220	28.932000	
1.898630	28.967000	
1.903050	29.001000	
1.907460	29.036000	
1.911880	29.070000	
1.916300	29.104000	
1.920710	29.139000	
1.925130	29.173000	
1.929540	29.207000	
1.933960	29.242000	
1.938380	29.276000	
1.942790	29.310000	
1.947210	29.344000	
1.951620	29.378000	
1.956040	29.412000	
1.960460	29.446000	
1.964870	29.480000	
1.969290	29.514000	
1.973700	29.548000	
1.978120	29.582000	
1.982540	29.616000	
1.986950	29.649000	
1.991370	29.683000	
1.995780	29.717000	
2.000200	29.751000	
2.004620	29.784000	
2.009030	29.818000	
2.013450	29.851000	
2.017860	29.885000	
2.022280	29.918000	
2.026700	29.952000	
2.031110	29.985000	
2.035530	30.018000	
2.039940	30.052000	
2.239940	1.000000	
9.040010	2.000000	
9.080020	3.000000	
9.084430	4.000000	
9.120020	5.000000	
9.124440	6.000000	
9.128860	7.000000	
9.133270	8.000000	
9.160030	9.000000	
9.164450	10.000000	
9.168860	10.100000	
9.173280	10.199000	
9.177700	10.297000	
9.182110	10.394000	
9.186530	10.490000	
9.190940	10.586000	
9.200040	10.680000	
9.204460	10.774000	
9.208870	10.867000	
9.213290	10.959000	
9.217700	11.050000	
9.222120	11.140000	
9.226540	11.230000	
9.230950	11.319000	
9.235370	11.408000	
9.239780	11.495000	
9.244200	11.582000	
9.248620	11.669000	
9.253030	11.754000	
9.257450	11.839000	
9.261860	11.924000	
9.266280	12.008000	
9.270700	12.091000	
9.275110	12.174000	
9.279530	12.256000	
9.283940	12.337000	
9.288360	12.418000	
9.292780	12.499000	
9.297190	12.579000	
9.301610	12.658000	
9.306020	12.737000	
9.310440	12.816000	
9.314860	12.894000	
9.319270	12.972000	
9.323690	13.049000	
9.328100	13.125000	
9.332520	13.201000	
9.336940	13.277000	
9.341350	13.353000	
9.345770	13.427000	
9.350180	13.502000	
9.354600	13.576000	
9.359020	13.650000	
9.363430	13.723000	
9.367850	13.796000	
9.372260	13.868000	
9.376680	13.940000	
9.381100	14.012000	
9.385510	14.083000	
9.389930	14.154000	
9.394340	14.225000	
9.398760	14.295000	
9.403180	14.365000	
9.407590	14.435000	
9.412010	14.504000	
9.416420	14.573000	
9.420840	14.642000	
9.425260	14.710000	
9.429670	14.778000	
9.434090	14.846000	
9.438500	14.913000	
9.442920	14.980000	
9.447340	15.047000	
9.451750	15.113000	
9.456170	15.180000	
9.460580	15.245000	
9.465000	15.311000	
9.469420	15.376000	
9.473830	15.441000	
9.478250	15.506000	
9.482660	15.571000	
9.487080	15.635000	
9.491500	15.699000	
9.495910	15.763000	
9.500330	15.826000	
9.504740	15.889000	
9.509160	15.952000	
9.513580	16.015000	
9.517990	16.077000	
9.522410	16.139000	
9.526820	16.201000	
9.531240	16.263000	
9.535660	16.325000	
9.540070	16.386000	
9.544490	16.447000	
9.548900	16.508000	
9.553320	16.568000	
9.557740	16.629000	
9.562150	16.689000	
9.566570	16.749000	
9.570980	16.808000	
9.575400	16.868000	
9.579820	16.927000	
9.584230	16.986000	
9.588650	17.045000	
9.593060	17.104000	
9.597480	17.162000	
9.601900	17.220000	
9.606310	17.279000	
9.610730	17.336000	
9.615140	17.394000	
9.619560	17.452000	
9.623980	17.509000	
9.628390	17.566000	
9.632810	17.623000	
9.637220	17.680000	
9.641640	17.736000	
9.646060	17.793000	
9.650470	17.849000	
9.654890	17.905000	
9.659300	17.961000	
9.663720	18.016000	
9.668140	18.072000	
9.672550	18.127000	
9.676970	18.182000	
9.681380	18.237000	
9.685800	18.292000	
9.690220	18.347000	
9.694630	18.401000	
9.699050	18.456000	
9.703460	18.510000	
9.707880	18.564000	
9.712300	18.618000	
9.716710	18.672000	
9.721130	18.725000	
9.725540	18.778000	
9.729960	18.832000	
9.734380	18.885000	
9.738790	18.938000	
9.743210	18.991000	
9.747620	19.043000	
9.752040	19.096000	
9.756460	19.148000	
9.760870	19.200000	
9.765290	19.252000	
9.769700	19.304000	
9.774120	19.356000	
9.778540	19.408000	
9.782950	19.459000	
9.787370	19.511000	
9.791780	19.562000	
9.796200	19.613000	
9.800620	19.664000	
9.805030	19.715000	
9.809450	19.766000	
9.813860	19.816000	
9.818280	19.867000	
9.822700	19.917000	
9.827110	19.967000	
9.831530	20.017000	
9.835940	20.067000	
9.840360	20.117000	
9.844780	20.167000	
9.849190	20.216000	
9.853610	20.266000	
9.858020	20.315000	
9.862440	20.365000	
9.866860	20.414000	
9.871270	20.463000	
9.875690	20.511000	
9.880100	20.560000	
9.884520	20.609000	
9.888940	20.657000	
9.893350	20.706000	
9.897770	20.754000	
9.902180	20.802000	
9.906600	20.850000	
9.911020	20.898000	
9.915430	20.946000	
9.919850	20.994000	
9.924260	21.042000	
9.928680	21.089000	
9.933100	21.136000	
9.937510	21.184000	
9.941930	21.231000	
9.946340	21.278000	
9.950760	21.325000	
9.955180	21.372000	
9.959590	21.419000	
9.964010	21.465000	
9.968420	21.512000	
9.972840	21.559000	
9.977260	21.605000	
9.981670	21.651000	
9.986090	21.697000	
9.990500	21.743000	
9.994920	21.789000	
9.999340	21.835000	
10.003750	21.881000	
10.008170	21.927000	
10.012580	21.972000	
10.017000	22.018000	
10.021420	22.063000	
10.025830	22.109000	
10.030250	22.154000	
10.034660	22.199000	
10.039080	22.244000	
10.043500	22.289000	
10.047910	22.334000	
10.052330	22.379000	
10.056740	22.423000	
10.061160	22.468000	
10.065580	22.513000	
10.069990	22.557000	
10.074410	22.601000	
10.078820	22.646000	
10.083240	22.690000	
10.087660	22.734000	
10.092070	22.778000	
10.096490	22.822000	
10.100900	22.865000	
10.105320	22.909000	
10.109740	22.953000	
10.114150	22.996000	
10.118570	23.040000	
10.122980	23.083000	
10.127400	23.127000	
10.131820	23.170000	
10.136230	23.213000	
10.140650	23.256000	
10.145060	23.299000	
10.149480	23.342000	
10.153900	23.385000	
10.158310	23.428000	
10.162730	23.470000	
10.167140	23.513000	
10.171560	23.555000	
10.175980	23.598000	
10.180390	23.640000	
10.184810	23.683000	
10.189220	23.725000	
10.193640	23.767000	
10.198060	23.809000	
10.202470	23.851000	
10.206890	23.893000	
10.211300	23.935000	
10.215720	23.977000	
10.220140	24.018000	
10.224550	24.060000	
10.228970	24.101000	
10.233380	24.143000	
10.237800	24.184000	
10.242220	24.226000	
10.246630	24.267000	
10.251050	24.308000	
10.255460	24.349000	
10.259880	24.390000	
10.264300	24.431000	
10.268710	24.472000	
10.273130	24.513000	
10.277540	24.554000	
10.281960	24.595000	
10.286380	24.635000	
10.290790	24.676000	
10.295210	24.717000	
10.299620	24.757000	
10.304040	24.797000	
10.308460	24.838000	
10.312870	24.878000	
10.317290	24.918000	
10.321700	24.958000	
10.326120	24.998000	
10.330540	25.038000	
10.334950	25.078000	
10.339370	25.118000	
10.343780	25.158000	
10.348200	25.198000	
10.352620	25.237000	
10.357030	25.277000	
10.361450	25.317000	
10.365860	25.356000	
10.370280	25.396000	
10.374700	25.435000	
10.379110	25.474000	
10.383530	25.514000	
10.387940	25.553000	
10.392360	25.592000	
10.396780	25.631000	
10.401190	25.670000	
10.405610	25.709000	
10.410020	25.748000	
10.414440	25.787000	
10.418860	25.825000	
10.423270	25.864000	
10.427690	25.903000	
10.432100	25.941000	
10.436520	25.980000	
10.440940	26.018000	
10.445350	26.057000	
10.449770	26.095000	
10.454180	26.134000	
10.458600	26.172000	
10.463020	26.210000	
10.467430	26.248000	
10.471850	26.286000	
10.476260	26.324000	
10.480680	26.362000	
10.485100	26.400000	
10.489510	26.438000	
10.493930	26.476000	
10.498340	26.514000	
10.502760	26.551000	
10.507180	26.589000	
10.511590	26.627000	
10.516010	26.664000	
10.520420	26.702000	
10.524840	26.739000	
10.529260	26.777000	
10.533670	26.814000	
10.538090	26.851000	
10.542500	26.888000	
10.546920	26.926000	
10.551340	26.963000	
10.555750	27.000000	
10.560170	27.037000	
10.564580	27.074000	
10.569000	27.111000	
10.573420	27.148000	
10.577830	27.185000	
10.582250	27.221000	
10.586660	27.258000	
10.591080	27.295000	
10.595500	27.331000	
10.599910	27.368000	
10.604330	27.405000	
10.608740	27.441000	
10.613160	27.477000	
10.617580	27.514000	
10.621990	27.550000	
10.626410	27.587000	
10.630820	27.623000	
10.635240	27.659000	
10.639660	27.695000	
10.644070	27.731000	
10.648490	27.767000	
10.652900	27.803000	
10.657320	27.839000	
10.661740	27.875000	
10.666150	27.911000	
10.670570	27.947000	
10.674980	27.983000	
10.679400	28.018000	
10.683820	28.054000	
10.688230	28.090000	
10.692650	28.125000	
10.697060	28.161000	
10.701480	28.196000	
10.705900	28.232000	
10.710310	28.267000	
10.714730	28.303000	
10.719140	28.338000	
10.723560	28.373000	
10.727980	28.409000	
10.732390	28.444000	
10.736810	28.479000	
10.741220	28.514000	
10.745640	28.549000	
10.750060	28.584000	
10.754470	28.619000	
10.758890	28.654000	
10.763300	28.689000	
10.767720	28.724000	
10.772140	28.759000	
10.776550	28.793000	
10.780970	28.828000	
10.785380	28.863000	
10.789800	28.897000	
10.794220	28.932000	
10.798630	28.967000	
10.803050	29.001000	
10.807460	29.036000	
10.811880	29.070000	
10.816300	29.104000	
10.820710	29.139000	
10.825130	29.173000	
10.829540	29.207000	
10.833960	29.242000	
10.838380	29.276000	
10.842790	29.310000	
10.847210	29.344000	
10.851620	29.378000	
10.856040	29.412000	
10.860460	29.446000	
10.864870	29.480000	
10.869290	29.514000	
10.873700	29.548000	
10.878120	29.582000	
10.882540	29.616000	
10.886950	29.649000	
10.891370	29.683000	
10.895780	29.717000	
10.900200	29.751000	
10.904620	29.784000	
10.909030	29.818000	
10.913450	29.851000	
10.917860	29.885000	
10.922280	29.918000	
10.926700	29.952000	
10.931110	29.985000	
10.935530	30.018000	
10.939940	30.052000	
10.944360	30.085000	
10.948780	30.118000	
10.953190	30.151000	
10.957610	30.185000	
10.962020	30.218000	
10.966440	30.251000	
10.970860	30.284000	
10.975270	30.317000	
10.979690	30.350000	
10.984100	30.383000	
10.988520	30.416000	
10.992940	30.449000	
10.997350	30.481000	
11.001770	30.514000	
11.006180	30.547000	
11.010600	30.580000	
11.015020	30.612000	
11.019430	30.645000	
11.023850	30.678000	
11.028260	30.710000	
11.032680	30.743000	
11.037100	30.775000	
11.041510	30.808000	
11.045930	30.840000	
11.050340	30.873000	
11.054760	30.905000	
11.059180	30.938000	
11.063590	30.970000	
11.068010	31.002000	
11.072420	31.034000	
11.076840	31.067000	
11.081260	31.099000	
11.085670	31.131000	
11.090090	31.163000	
11.094500	31.195000	
11.098920	31.227000	
11.103340	31.259000	
11.107750	31.291000	
11.112170	31.323000	
11.116580	31.355000	
11.121000	31.387000	
11.125420	31.419000	
11.129830	31.451000	
11.134250	31.483000	
11.138660	31.514000	
11.143080	31.546000	
11.147500	31.578000	
11.151910	31.609000	
11.156330	31.641000	
11.160740	31.673000	
11.165160	31.704000	
11.169580	31.736000	
11.173990	31.767000	
11.178410	31.799000	
11.182820	31.830000	
11.187240	31.862000	
11.191660	31.893000	
11.196070	31.924000	
11.200490	31.956000	
11.204900	31.987000	
11.209320	32.018000	
11.213740	32.049000	
11.218150	32.081000	
11.222570	32.112000	
11.226980	32.143000	
11.231400	32.174000	
11.235820	32.205000	
11.240230	32.236000	
11.244650	32.267000	
11.249060	32.298000	
11.253480	32.329000	
11.257900	32.360000	
11.262310	32.391000	
11.266730	32.422000	
11.271140	32.453000	
11.275560	32.484000	
11.279980	32.514000	
11.284390	32.545000	
11.288810	32.576000	
11.293220	32.607000	
11.297640	32.637000	
11.302060	32.668000	
11.306470	32.698000	
11.310890	32.729000	
11.315300	32.760000	
11.319720	32.790000	
11.324140	32.821000	
11.328550	32.851000	
11.332970	32.881000	
11.337380	32.912000	
11.341800	32.942000	
11.346220	32.973000	
11.350630	33.003000	
11.355050	33.033000	
11.359460	33.064000	
11.363880	33.094000	
11.368300	33.124000	
11.372710	33.154000	
11.377130	33.184000	
11.381540	33.214000	
11.385960	33.245000	
11.390380	33.275000	
11.394790	33.305000	
11.399210	33.335000	
11.403620	33.365000	
11.408040	33.395000	
11.412460	33.425000	
11.416870	33.455000	
11.421290	33.484000	
11.425700	33.514000	
11.430120	33.544000	
11.434540	33.574000	
11.438950	33.604000	
11.443370	33.634000	
11.447780	33.663000	
11.452200	33.693000	
11.456620	33.723000	
11.461030	33.752000	
11.465450	33.782000	
11.469860	33.812000	
11.474280	33.841000	
11.478700	33.871000	
11.483110	33.900000	
11.487530	33.930000	
11.491940	33.959000	
11.496360	33.989000	
11.500780	34.018000	
11.505190	34.047000	
11.509610	34.077000	
11.514020	34.106000	
11.518440	34.135000	
11.522860	34.165000	
11.527270	34.194000	
11.531690	34.223000	
11.536100	34.252000	
11.540520	34.282000	
11.544940	34.311000	
11.549350	34.340000	
11.553770	34.369000	
11.558180	34.398000	
11.562600	34.427000	
11.567020	34.456000	
11.571430	34.485000	
11.575850	34.514000	
11.580260	34.543000	
11.584680	34.572000	
11.589100	34.601000	
11.593510	34.630000	
11.597930	34.659000	
11.602340	34.688000	
11.606760	34.717000	
11.611180	34.745000	
11.615590	34.774000	
11.620010	34.803000	
11.624420	34.832000	
11.628840	34.860000	
11.633260	34.889000	
11.637670	34.918000	
11.642090	34.946000	
11.646500	34.975000	
11.650920	35.004000	
11.655340	35.032000	
11.659750	35.061000	
11.664170	35.089000	
11.668580	35.118000	
11.673000	35.146000	
11.677420	35.175000	
11.681830	35.203000	
11.686250	35.232000	
11.690660	35.260000	
11.695080	35.288000	
11.699500	35.317000	
11.703910	35.345000	
11.708330	35.373000	
11.712740	35.402000	
11.717160	35.430000	
11.721580	35.458000	
11.725990	35.486000	
11.730410	35.514000	
11.734820	35.543000	
11.739240	35.571000	
11.743660	35.599000	
11.748070	35.627000	
11.752490	35.655000	
11.756900	35.683000	
11.761320	35.711000	
11.765740	35.739000	
11.770150	35.767000	
11.774570	35.795000	
11.778980	35.823000	
11.783400	35.851000	
11.787820	35.879000	
11.792230	35.907000	
11.796650	35.934000	
11.801060	35.962000	
11.805480	35.990000	
11.809900	36.018000	
11.814310	36.046000	
11.818730	36.073000	
11.823140	36.101000	
11.827560	36.129000	
11.831980	36.156000	
11.836390	36.184000	
11.840810	36.212000	
11.845220	36.239000	
11.849640	36.267000	
11.854060	36.295000	
11.858470	36.322000	
11.862890	36.350000	
11.867300	36.377000	
11.871720	36.405000	
11.876140	36.432000	
11.880550	36.460000	
11.884970	36.487000	
11.889380	36.514000	
11.893800	36.542000	
11.898220	36.569000	
11.902630	36.596000	
11.907050	36.624000	
11.911460	36.651000	
11.915880	36.678000	
11.920300	36.706000	
11.924710	36.733000	
11.929130	36.760000	
11.933540	36.787000	
11.937960	36.814000	
11.942380	36.842000	
11.946790	36.869000	
11.951210	36.896000	
11.955620	36.923000	
11.960040	36.950000	
11.964460	36.977000	
11.968870	37.004000	
11.973290	37.031000	
11.977700	37.058000	
11.982120	37.085000	
11.986540	37.112000	
11.990950	37.139000	
11.995370	37.166000	
11.999780	37.193000	
12.004200	37.220000	
12.008620	37.247000	
12.013030	37.274000	
12.017450	37.300000	
12.021860	37.327000	
12.026280	37.354000	
12.030700	37.381000	
12.035110	37.408000	
12.039530	37.434000	
12.043940	37.461000	
12.048360	37.488000	
12.052780	37.514000	
12.057190	37.541000	
12.061610	37.568000	
12.066020	37.594000	
12.070440	37.621000	
12.074860	37.647000	
12.079270	37.674000	
12.083690	37.701000	
12.088100	37.727000	
12.092520	37.754000	
12.096940	37.780000	
12.101350	37.807000	
12.105770	37.833000	
12.110180	37.859000	
12.114600	37.886000	
12.119020	37.912000	
12.123430	37.939000	
12.127850	37.965000	
12.132260	37.991000	
12.136680	38.018000	
12.141100	38.044000	
12.145510	38.070000	
12.149930	38.096000	
12.154340	38.123000	
12.158760	38.149000	
12.163180	38.175000	
12.167590	38.201000	
12.172010	38.228000	
12.176420	38.254000	
12.180840	38.280000	
12.185260	38.306000	
12.189670	38.332000	
12.194090	38.358000	
12.198500	38.384000	
12.202920	38.410000	
12.207340	38.436000	
12.211750	38.462000	
12.216170	38.488000	
12.220580	38.514000	
12.225000	38.540000	
12.229420	38.566000	
12.233830	38.592000	
12.238250	38.618000	
12.242660	38.644000	
12.247080	38.670000	
12.251500	38.696000	
12.255910	38.722000	
12.260330	38.747000	
12.264740	38.773000	
12.269160	38.799000	
12.273580	38.825000	
12.277990	38.850000	
12.282410	38.876000	
12.286820	38.902000	
12.291240	38.928000	
12.295660	38.953000	
12.300070	38.979000	
12.304490	39.005000	
12.308900	39.030000	
12.313320	39.056000	
12.317740	39.082000	
12.322150	39.107000	
12.326570	39.133000	
12.330980	39.158000	
12.335400	39.184000	
12.339820	39.209000	
12.344230	39.235000	
12.348650	39.260000	
12.353060	39.286000	
12.357480	39.311000	
12.361900	39.337000	
12.366310	39.362000	
12.370730	39.387000	
12.375140	39.413000	
12.379560	39.438000	
12.383980	39.464000	
12.388390	39.489000	
12.392810	39.514000	
12.397220	39.540000	
12.401640	39.565000	
12.406060	39.590000	
12.410470	39.615000	
12.414890	39.641000	
12.419300	39.666000	
12.423720	39.691000	
12.428140	39.716000	
12.432550	39.741000	
12.436970	39.767000	
12.441380	39.792000	
12.445800	39.817000	
12.450220	39.842000	
12.454630	39.867000	
12.459050	39.892000	
12.463460	39.917000	
12.467880	39.942000	
12.472300	39.967000	
12.476710	39.992000	
12.481130	40.017000	
12.485540	40.042000	
12.489960	40.067000	
12.494380	40.092000	
12.498790	40.117000	
12.503210	40.142000	
12.507620	40.167000	
12.512040	40.192000	
12.516460	40.217000	
12.520870	40.242000	
12.525290	40.267000	
12.529700	40.291000	
12.534120	40.316000	
12.538540	40.341000	
12.542950	40.366000	
12.547370	40.391000	
12.551780	40.415000	
12.556200	40.440000	
12.560620	40.465000	
12.565030	40.490000	
12.569450	40.514000	
12.573860	40.539000	
12.578280	40.564000	
12.582700	40.588000	
12.587110	40.613000	
12.591530	40.637000	
12.595940	40.662000	
12.600360	40.687000	
12.604780	40.711000	
12.609190	40.736000	
12.613610	40.760000	
12.618020	40.785000	
12.622440	40.809000	
12.626860	40.834000	
12.631270	40.858000	
12.635690	40.883000	
12.640100	40.907000	
12.644520	40.932000	
12.648940	40.956000	
12.653350	40.981000	
12.657770	41.005000	
12.662180	41.029000	
12.666600	41.054000	
12.671020	41.078000	
12.675430	41.103000	
12.679850	41.127000	
12.684260	41.151000	
12.688680	41.175000	
12.693100	41.200000	
12.697510	41.224000	
12.701930	41.248000	
12.706340	41.273000	
12.710760	41.297000	
12.715180	41.321000	
12.719590	41.345000	
12.724010	41.369000	
12.728420	41.394000	
12.732840	41.418000	
12.737260	41.442000	
12.741670	41.466000	
12.746090	41.490000	
12.750500	41.514000	
12.754920	41.538000	
12.759340	41.562000	
12.763750	41.586000	
12.768170	41.610000	
12.772580	41.634000	
12.777000	41.658000	
12.781420	41.682000	
12.785830	41.706000	
12.790250	41.730000	
12.794660	41.754000	
12.799080	41.778000	
12.803500	41.802000	
12.807910	41.826000	
12.812330	41.850000	
12.816740	41.874000	
12.821160	41.898000	
12.825580	41.922000	
12.829990	41.946000	
12.834410	41.969000	
12.838820	41.993000	
12.843240	42.017000	
12.847660	42.041000	
12.852070	42.065000	
12.856490	42.088000	
12.860900	42.112000	
12.865320	42.136000	
12.869740	42.160000	
12.874150	42.183000	
12.878570	42.207000	
12.882980	42.231000	
12.887400	42.255000	
12.891820	42.278000	
12.896230	42.302000	
12.900650	42.325000	
12.905060	42.349000	
12.909480	42.373000	
12.913900	42.396000	
12.918310	42.420000	
12.922730	42.443000	
12.927140	42.467000	
12.931560	42.491000	
12.935980	42.514000	
12.940390	42.538000	
12.944810	42.561000	
12.949220	42.585000	
12.953640	42.608000	
12.958060	42.632000	
12.962470	42.655000	
12.966890	42.678000	
12.971300	42.702000	
12.975720	42.725000	
12.980140	42.749000	
12.984550	42.772000	
12.988970	42.796000	
12.993380	42.819000	
12.997800	42.842000	
13.002220	42.866000	
13.006630	42.889000	
13.011050	42.912000	
13.015460	42.936000	
13.019880	42.959000	
13.024300	42.982000	
13.028710	43.005000	
13.033130	43.029000	
13.037540	43.052000	
13.041960	43.075000	
13.046380	43.098000	
13.050790	43.122000	
13.055210	43.145000	
13.059620	43.168000	
13.064040	43.191000	
13.068460	43.214000	
13.072870	43.237000	
13.077290	43.260000	
13.081700	43.284000	
13.086120	43.307000	
13.090540	43.330000	
13.094950	43.353000	
13.099370	43.376000	
13.103780	43.399000	
13.108200	43.422000	
13.112620	43.445000	
13.117030	43.468000	
13.121450	43.491000	
13.125860	43.514000	
13.130280	43.537000	
13.134700	43.560000	
13.139110	43.583000	
13.143530	43.606000	
13.147940	43.629000	
13.152360	43.652000	
13.156780	43.675000	
13.161190	43.698000	
13.165610	43.720000	
13.170020	43.743000	
13.174440	43.766000	
13.178860	43.789000	
13.183270	43.812000	
13.187690	43.835000	
13.192100	43.858000	
13.196520	43.880000	
13.200940	43.903000	
13.205350	43.926000	
13.209770	43.949000	
13.214180	43.971000	
13.218600	43.994000	
13.223020	44.017000	
13.227430	44.040000	
13.231850	44.062000	
13.236260	44.085000	
13.240680	44.108000	
13.245100	44.130000	
13.249510	44.153000	
13.253930	44.176000	
13.258340	44.198000	
13.262760	44.221000	
13.267180	44.244000	
13.271590	44.266000	
13.276010	44.289000	
13.280420	44.311000	
13.284840	44.334000	
13.289260	44.356000	
13.293670	44.379000	
13.298090	44.401000	
13.302500	44.424000	
13.306920	44.447000	
13.311340	44.469000	
13.315750	44.492000	
13.320170	44.514000	
13.324580	44.536000	
13.329000	44.559000	
13.333420	44.581000	
13.337830	44.604000	
13.342250	44.626000	
13.346660	44.649000	
13.351080	44.671000	
13.355500	44.693000	
13.359910	44.716000	
13.364330	44.738000	
13.368740	44.760000	
13.373160	44.783000	
13.377580	44.805000	
13.381990	44.827000	
13.386410	44.850000	
13.390820	44.872000	
13.395240	44.894000	
13.399660	44.917000	
13.404070	44.939000	
13.408490	44.961000	
13.412900	44.983000	
13.417320	45.006000	
13.421740	45.028000	
13.426150	45.050000	
13.430570	45.072000	
13.434980	45.094000	
13.439400	45.117000	
13.443820	45.139000	
13.448230	45.161000	
13.452650	45.183000	
13.457060	45.205000	
13.461480	45.227000	
13.465900	45.249000	
13.470310	45.272000	
13.474730	45.294000	
13.479140	45.316000	
13.483560	45.338000	
13.487980	45.360000	
13.492390	45.382000	
13.496810	45.404000	
13.501220	45.426000	
13.505640	45.448000	
13.510060	45.470000	
13.514470	45.492000	
13.518890	45.514000	
13.523300	45.536000	
13.527720	45.558000	
13.532140	45.580000	
13.536550	45.602000	
13.540970	45.624000	
13.545380	45.646000	
13.549800	45.668000	
13.554220	45.689000	
13.558630	45.711000	
13.563050	45.733000	
13.567460	45.755000	
13.571880	45.777000	
13.576300	45.799000	
13.580710	45.821000	
13.585130	45.842000	
13.589540	45.864000	
13.593960	45.886000	
13.598380	45.908000	
13.602790	45.930000	
13.607210	45.951000	
13.611620	45.973000	
13.616040	45.995000	
13.620460	46.017000	
13.624870	46.038000	
13.629290	46.060000	
13.633700	46.082000	
13.638120	46.103000	
13.642540	46.125000	
13.646950	46.147000	
13.651370	46.169000	
13.655780	46.190000	
13.660200	46.212000	
13.664620	46.233000	
13.669030	46.255000	
13.673450	46.277000	
13.677860	46.298000	
13.682280	46.320000	
13.686700	46.342000	
13.691110	46.363000	
