0.000000	1.000000	
3.040010	2.000000	
3.080020	3.000000	
3.084430	4.000000	
3.120020	5.000000	
3.124440	6.000000	
3.128860	7.000000	
3.133270	8.000000	
3.160030	9.000000	
3.164450	10.000000	
3.168860	10.100000	
3.173280	10.199000	
3.177700	10.297000	
3.182110	10.394000	
3.186530	10.490000	
3.190940	10.586000	
3.200040	10.680000	
3.204460	10.774000	
3.208870	10.867000	
3.213290	10.959000	
3.217700	11.050000	
3.222120	11.140000	
3.226540	11.230000	
3.230950	11.319000	
3.235370	11.408000	
3.239780	11.495000	
3.244200	11.582000	
3.248620	11.669000	
3.253030	11.754000	
3.257450	11.839000	
3.261860	11.924000	
3.266280	12.008000	
3.270700	12.091000	
3.275110	12.174000	
3.279530	12.256000	
3.283940	12.337000	
3.288360	12.418000	
3.292780	12.499000	
3.297190	12.579000	
3.301610	12.658000	
3.306020	12.737000	
3.310440	12.816000	
3.314860	12.894000	
3.319270	12.972000	
3.323690	13.049000	
3.328100	13.125000	
3.332520	13.201000	
3.336940	13.277000	
3.341350	13.353000	
3.345770	13.427000	
3.350180	13.502000	
3.354600	13.576000	
3.359020	13.650000	
3.363430	13.723000	
3.367850	13.796000	
3.372260	13.868000	
3.376680	13.940000	
3.381100	14.012000	
3.385510	14.083000	
3.389930	14.154000	
3.394340	14.225000	
3.398760	14.295000	
3.403180	14.365000	
3.407590	14.435000	
3.412010	14.504000	
3.416420	14.573000	
3.420840	14.642000	
3.425260	14.710000	
3.429670	14.778000	
3.434090	14.846000	
3.438500	14.913000	
3.442920	14.980000	
3.447340	15.047000	
3.451750	15.113000	
3.456170	15.180000	
3.460580	15.245000	
3.465000	15.311000	
3.469420	15.376000	
3.473830	15.441000	
3.478250	15.506000	
3.482660	15.571000	
3.487080	15.635000	
3.491500	15.699000	
3.495910	15.763000	
3.500330	15.826000	
3.504740	15.889000	
3.509160	15.952000	
3.513580	16.015000	
3.517990	16.077000	
3.522410	16.139000	
3.526820	16.201000	
3.531240	16.263000	
3.535660	16.325000	
3.540070	16.386000	
3.544490	16.447000	
3.548900	16.508000	
3.553320	16.568000	
3.557740	16.629000	
3.562150	16.689000	
3.566570	16.749000	
3.570980	16.808000	
3.575400	16.868000	
3.579820	16.927000	
3.584230	16.986000	
3.588650	17.045000	
3.593060	17.104000	
3.597480	17.162000	
3.601900	17.220000	
3.606310	17.279000	
3.610730	17.336000	
3.615140	17.394000	
3.619560	17.452000	
3.623980	17.509000	
3.628390	17.566000	
3.632810	17.623000	
3.637220	17.680000	
3.641640	17.736000	
3.646060	17.793000	
3.650470	17.849000	
3.654890	17.905000	
3.659300	17.961000	
3.663720	18.016000	
3.668140	18.072000	
3.672550	18.127000	
3.676970	18.182000	
3.681380	18.237000	
3.685800	18.292000	
3.690220	18.347000	
3.694630	18.401000	
3.699050	18.456000	
3.703460	18.510000	
3.707880	18.564000	
3.712300	18.618000	
3.716710	18.672000	
3.721130	18.725000	
3.725540	18.778000	
3.729960	18.832000	
3.734380	18.885000	
3.738790	18.938000	
3.743210	18.991000	
3.747620	19.043000	
3.752040	19.096000	
3.756460	19.148000	
3.760870	19.200000	
3.765290	19.252000	
3.769700	19.304000	
3.774120	19.356000	
3.778540	19.408000	
3.782950	19.459000	
3.787370	19.511000	
3.791780	19.562000	
3.796200	19.613000	
3.800620	19.664000	
3.805030	19.715000	
3.809450	19.766000	
3.813860	19.816000	
3.818280	19.867000	
3.822700	19.917000	
3.827110	19.967000	
3.831530	20.017000	
3.835940	20.067000	
3.840360	20.117000	
3.844780	20.167000	
3.849190	20.216000	
3.853610	20.266000	
3.858020	20.315000	
3.862440	20.365000	
3.866860	20.414000	
3.871270	20.463000	
3.875690	20.511000	
3.880100	20.560000	
3.884520	20.609000	
3.888940	20.657000	
3.893350	20.706000	
3.897770	20.754000	
3.902180	20.802000	
3.906600	20.850000	
3.911020	20.898000	
3.915430	20.946000	
3.919850	20.994000	
3.924260	21.042000	
3.928680	21.089000	
3.933100	21.136000	
3.937510	21.184000	
3.941930	21.231000	
3.946340	21.278000	
3.950760	21.325000	
3.955180	21.372000	
3.959590	21.419000	
3.964010	21.465000	
3.968420	21.512000	
3.972840	21.559000	
3.977260	21.605000	
3.981670	21.651000	
3.986090	21.697000	
3.990500	21.743000	
3.994920	21.789000	
3.999340	21.835000	
4.003750	21.881000	
4.008170	21.927000	
4.012580	21.972000	
4.017000	22.018000	
4.021420	22.063000	
4.025830	22.109000	
4.030250	22.154000	
4.034660	22.199000	
4.039080	22.244000	
4.043500	22.289000	
4.047910	22.334000	
4.052330	22.379000	
4.056740	22.423000	
4.061160	22.468000	
4.065580	22.513000	
4.069990	22.557000	
4.074410	22.601000	
4.078820	22.646000	
4.083240	22.690000	
4.087660	22.734000	
4.092070	22.778000	
4.096490	22.822000	
4.100900	22.865000	
4.105320	22.909000	
4.109740	22.953000	
4.114150	22.996000	
4.118570	23.040000	
4.122980	23.083000	
4.127400	23.127000	
4.131820	23.170000	
4.136230	23.213000	
4.140650	23.256000	
4.145060	23.299000	
4.149480	23.342000	
4.153900	23.385000	
4.158310	23.428000	
4.162730	23.470000	
4.167140	23.513000	
4.171560	23.555000	
4.175980	23.598000	
4.180390	23.640000	
4.184810	23.683000	
4.189220	23.725000	
4.193640	23.767000	
4.198060	23.809000	
4.202470	23.851000	
4.206890	23.893000	
4.211300	23.935000	
4.215720	23.977000	
4.220140	24.018000	
4.224550	24.060000	
4.228970	24.101000	
4.233380	24.143000	
4.237800	24.184000	
4.242220	24.226000	
4.246630	24.267000	
4.251050	24.308000	
4.255460	24.349000	
4.259880	24.390000	
4.264300	24.431000	
4.268710	24.472000	
4.273130	24.513000	
4.277540	24.554000	
4.281960	24.595000	
4.286380	24.635000	
4.290790	24.676000	
4.295210	24.717000	
4.299620	24.757000	
4.304040	24.797000	
4.308460	24.838000	
4.312870	24.878000	
4.317290	24.918000	
4.321700	24.958000	
4.326120	24.998000	
4.330540	25.038000	
4.334950	25.078000	
4.339370	25.118000	
4.343780	25.158000	
4.348200	25.198000	
4.352620	25.237000	
4.357030	25.277000	
4.361450	25.317000	
4.365860	25.356000	
4.370280	25.396000	
4.374700	25.435000	
4.379110	25.474000	
4.383530	25.514000	
4.387940	25.553000	
4.392360	25.592000	
4.396780	25.631000	
4.401190	25.670000	
4.405610	25.709000	
4.410020	25.748000	
4.414440	25.787000	
4.418860	25.825000	
4.423270	25.864000	
4.427690	25.903000	
4.432100	25.941000	
4.436520	25.980000	
4.440940	26.018000	
4.445350	26.057000	
4.449770	26.095000	
4.454180	26.134000	
4.458600	26.172000	
4.463020	26.210000	
4.467430	26.248000	
4.471850	26.286000	
4.476260	26.324000	
4.480680	26.362000	
4.485100	26.400000	
4.489510	26.438000	
4.493930	26.476000	
4.498340	26.514000	
4.502760	26.551000	
4.507180	26.589000	
4.511590	26.627000	
4.516010	26.664000	
4.520420	26.702000	
4.524840	26.739000	
4.529260	26.777000	
4.533670	26.814000	
4.538090	26.851000	
4.542500	26.888000	
4.546920	26.926000	
4.551340	26.963000	
4.555750	27.000000	
4.560170	27.037000	
4.564580	27.074000	
4.569000	27.111000	
4.573420	27.148000	
4.577830	27.185000	
4.582250	27.221000	
4.586660	27.258000	
4.591080	27.295000	
4.595500	27.331000	
4.599910	27.368000	
4.604330	27.405000	
4.608740	27.441000	
4.613160	27.477000	
4.617580	27.514000	
4.621990	27.550000	
4.626410	27.587000	
4.630820	27.623000	
4.635240	27.659000	
4.639660	27.695000	
4.644070	27.731000	
4.648490	27.767000	
4.652900	27.803000	
4.657320	27.839000	
4.661740	27.875000	
4.666150	27.911000	
4.670570	27.947000	
4.674980	27.983000	
4.679400	28.018000	
4.683820	28.054000	
4.688230	28.090000	
4.692650	28.125000	
4.697060	28.161000	
4.701480	28.196000	
4.705900	28.232000	
4.710310	28.267000	
4.714730	28.303000	
4.719140	28.338000	
4.723560	28.373000	
4.727980	28.409000	
4.732390	28.444000	
4.736810	28.479000	
4.741220	28.514000	
4.745640	28.549000	
4.750060	28.584000	
4.754470	28.619000	
4.758890	28.654000	
4.763300	28.689000	
4.767720	28.724000	
4.772140	28.759000	
4.776550	28.793000	
4.780970	28.828000	
4.785380	28.863000	
4.789800	28.897000	
4.794220	28.932000	
4.798630	28.967000	
4.803050	29.001000	
4.807460	29.036000	
4.811880	29.070000	
4.816300	29.104000	
4.820710	29.139000	
4.825130	29.173000	
4.829540	29.207000	
4.833960	29.242000	
4.838380	29.276000	
4.842790	29.310000	
4.847210	29.344000	
4.851620	29.378000	
4.856040	29.412000	
4.860460	29.446000	
4.864870	29.480000	
4.869290	29.514000	
4.873700	29.548000	
4.878120	29.582000	
4.882540	29.616000	
4.886950	29.649000	
4.891370	29.683000	
4.895780	29.717000	
4.900200	29.751000	
4.904620	29.784000	
4.909030	29.818000	
4.913450	29.851000	
4.917860	29.885000	
4.922280	29.918000	
4.926700	29.952000	
4.931110	29.985000	
4.935530	30.018000	
4.939940	30.052000	
4.944360	30.085000	
4.948780	30.118000	
4.953190	30.151000	
4.957610	30.185000	
4.962020	30.218000	
4.966440	30.251000	
4.970860	30.284000	
4.975270	30.317000	
4.979690	30.350000	
4.984100	30.383000	
4.988520	30.416000	
4.992940	30.449000	
4.997350	30.481000	
5.001770	30.514000	
5.006180	30.547000	
5.010600	30.580000	
5.015020	30.612000	
5.019430	30.645000	
5.023850	30.678000	
5.028260	30.710000	
5.032680	30.743000	
5.037100	30.775000	
5.041510	30.808000	
5.045930	30.840000	
5.050340	30.873000	
5.054760	30.905000	
5.059180	30.938000	
5.063590	30.970000	
5.068010	31.002000	
5.072420	31.034000	
5.076840	31.067000	
5.081260	31.099000	
5.085670	31.131000	
5.090090	31.163000	
5.094500	31.195000	
5.098920	31.227000	
5.103340	31.259000	
5.107750	31.291000	
5.112170	31.323000	
5.116580	31.355000	
5.121000	31.387000	
5.125420	31.419000	
5.129830	31.451000	
5.134250	31.483000	
5.138660	31.514000	
5.143080	31.546000	
5.147500	31.578000	
5.151910	31.609000	
5.156330	31.641000	
5.160740	31.673000	
5.165160	31.704000	
5.169580	31.736000	
5.173990	31.767000	
5.178410	31.799000	
5.182820	31.830000	
5.187240	31.862000	
5.191660	31.893000	
5.196070	31.924000	
5.200490	31.956000	
5.204900	31.987000	
5.209320	32.018000	
5.213740	32.049000	
5.218150	32.081000	
5.222570	32.112000	
5.226980	32.143000	
5.231400	32.174000	
5.235820	32.205000	
5.240230	32.236000	
5.244650	32.267000	
5.249060	32.298000	
5.253480	32.329000	
5.257900	32.360000	
5.262310	32.391000	
5.266730	32.422000	
5.271140	32.453000	
5.275560	32.484000	
5.279980	32.514000	
5.284390	32.545000	
5.288810	32.576000	
5.293220	32.607000	
5.297640	32.637000	
5.302060	32.668000	
5.306470	32.698000	
5.310890	32.729000	
5.315300	32.760000	
5.319720	32.790000	
5.324140	32.821000	
5.328550	32.851000	
5.332970	32.881000	
5.337380	32.912000	
5.341800	32.942000	
5.346220	32.973000	
5.350630	33.003000	
5.355050	33.033000	
5.359460	33.064000	
5.363880	33.094000	
5.368300	33.124000	
5.372710	33.154000	
5.377130	33.184000	
5.381540	33.214000	
5.385960	33.245000	
5.390380	33.275000	
5.394790	33.305000	
5.399210	33.335000	
5.403620	33.365000	
5.408040	33.395000	
5.412460	33.425000	
5.416870	33.455000	
5.421290	33.484000	
5.425700	33.514000	
5.430120	33.544000	
5.434540	33.574000	
5.438950	33.604000	
5.443370	33.634000	
5.447780	33.663000	
5.452200	33.693000	
5.456620	33.723000	
5.461030	33.752000	
5.465450	33.782000	
5.469860	33.812000	
5.474280	33.841000	
5.478700	33.871000	
5.483110	33.900000	
5.487530	33.930000	
5.491940	33.959000	
5.496360	33.989000	
5.500780	34.018000	
5.505190	34.047000	
5.509610	34.077000	
5.514020	34.106000	
5.518440	34.135000	
5.522860	34.165000	
5.527270	34.194000	
5.531690	34.223000	
5.536100	34.252000	
5.540520	34.282000	
5.544940	34.311000	
5.549350	34.340000	
5.553770	34.369000	
5.558180	34.398000	
5.562600	34.427000	
5.567020	34.456000	
5.571430	34.485000	
5.575850	34.514000	
5.580260	34.543000	
5.584680	34.572000	
5.589100	34.601000	
5.593510	34.630000	
5.597930	34.659000	
5.602340	34.688000	
5.606760	34.717000	
5.611180	34.745000	
5.615590	34.774000	
5.620010	34.803000	
5.624420	34.832000	
5.628840	34.860000	
5.633260	34.889000	
5.637670	34.918000	
5.642090	34.946000	
5.646500	34.975000	
5.650920	35.004000	
5.655340	35.032000	
5.659750	35.061000	
5.664170	35.089000	
5.668580	35.118000	
5.673000	35.146000	
5.677420	35.175000	
5.681830	35.203000	
5.686250	35.232000	
5.690660	35.260000	
5.695080	35.288000	
5.699500	35.317000	
5.703910	35.345000	
5.708330	35.373000	
5.712740	35.402000	
5.717160	35.430000	
5.721580	35.458000	
5.725990	35.486000	
5.730410	35.514000	
5.734820	35.543000	
5.739240	35.571000	
5.743660	35.599000	
5.748070	35.627000	
5.752490	35.655000	
5.756900	35.683000	
5.761320	35.711000	
5.765740	35.739000	
5.770150	35.767000	
5.774570	35.795000	
5.778980	35.823000	
5.783400	35.851000	
5.787820	35.879000	
5.792230	35.907000	
5.796650	35.934000	
5.801060	35.962000	
5.805480	35.990000	
5.809900	36.018000	
5.814310	36.046000	
5.818730	36.073000	
5.823140	36.101000	
5.827560	36.129000	
5.831980	36.156000	
5.836390	36.184000	
5.840810	36.212000	
5.845220	36.239000	
5.849640	36.267000	
5.854060	36.295000	
5.858470	36.322000	
5.862890	36.350000	
5.867300	36.377000	
5.871720	36.405000	
5.876140	36.432000	
5.880550	36.460000	
5.884970	36.487000	
5.889380	36.514000	
5.893800	36.542000	
5.898220	36.569000	
5.902630	36.596000	
5.907050	36.624000	
5.911460	36.651000	
5.915880	36.678000	
5.920300	36.706000	
5.924710	36.733000	
5.929130	36.760000	
5.933540	36.787000	
5.937960	36.814000	
5.942380	36.842000	
5.946790	36.869000	
5.951210	36.896000	
5.955620	36.923000	
5.960040	36.950000	
5.964460	36.977000	
5.968870	37.004000	
5.973290	37.031000	
5.977700	37.058000	
5.982120	37.085000	
5.986540	37.112000	
5.990950	37.139000	
5.995370	37.166000	
5.999780	37.193000	
6.004200	37.220000	
6.008620	37.247000	
6.013030	37.274000	
6.017450	37.300000	
6.021860	37.327000	
6.026280	37.354000	
6.030700	37.381000	
6.035110	37.408000	
6.039530	37.434000	
6.043940	37.461000	
6.048360	37.488000	
6.052780	37.514000	
6.057190	37.541000	
6.061610	37.568000	
6.066020	37.594000	
6.070440	37.621000	
6.074860	37.647000	
6.079270	37.674000	
6.083690	37.701000	
6.088100	37.727000	
6.092520	37.754000	
6.096940	37.780000	
6.101350	37.807000	
6.105770	37.833000	
6.110180	37.859000	
6.114600	37.886000	
6.119020	37.912000	
6.123430	37.939000	
6.127850	37.965000	
6.132260	37.991000	
6.136680	38.018000	
6.141100	38.044000	
6.145510	38.070000	
6.149930	38.096000	
6.154340	38.123000	
6.158760	38.149000	
6.163180	38.175000	
6.167590	38.201000	
6.172010	38.228000	
6.176420	38.254000	
6.180840	38.280000	
6.185260	38.306000	
6.189670	38.332000	
6.194090	38.358000	
6.198500	38.384000	
6.202920	38.410000	
6.207340	38.436000	
6.211750	38.462000	
6.216170	38.488000	
6.220580	38.514000	
6.225000	38.540000	
6.229420	38.566000	
6.233830	38.592000	
6.238250	38.618000	
6.242660	38.644000	
6.247080	38.670000	
6.251500	38.696000	
6.255910	38.722000	
6.260330	38.747000	
6.264740	38.773000	
6.269160	38.799000	
6.273580	38.825000	
6.277990	38.850000	
6.282410	38.876000	
6.286820	38.902000	
6.291240	38.928000	
6.295660	38.953000	
6.300070	38.979000	
6.304490	39.005000	
6.308900	39.030000	
6.313320	39.056000	
6.317740	39.082000	
6.322150	39.107000	
6.326570	39.133000	
6.330980	39.158000	
6.335400	39.184000	
6.339820	39.209000	
6.344230	39.235000	
6.348650	39.260000	
6.353060	39.286000	
6.357480	39.311000	
6.361900	39.337000	
6.366310	39.362000	
6.370730	39.387000	
6.375140	39.413000	
6.379560	39.438000	
6.383980	39.464000	
6.388390	39.489000	
6.392810	39.514000	
6.397220	39.540000	
6.401640	39.565000	
6.406060	39.590000	
6.410470	39.615000	
6.414890	39.641000	
6.419300	39.666000	
6.423720	39.691000	
6.428140	39.716000	
6.432550	39.741000	
6.436970	39.767000	
6.441380	39.792000	
6.445800	39.817000	
6.450220	39.842000	
6.454630	39.867000	
6.459050	39.892000	
6.463460	39.917000	
6.467880	39.942000	
6.472300	39.967000	
6.476710	39.992000	
6.481130	40.017000	
6.485540	40.042000	
6.489960	40.067000	
6.494380	40.092000	
6.498790	40.117000	
6.503210	40.142000	
6.507620	40.167000	
6.512040	40.192000	
6.516460	40.217000	
6.520870	40.242000	
6.525290	40.267000	
6.529700	40.291000	
6.534120	40.316000	
6.538540	40.341000	
6.542950	40.366000	
6.547370	40.391000	
6.551780	40.415000	
6.556200	40.440000	
6.560620	40.465000	
6.565030	40.490000	
6.569450	40.514000	
6.573860	40.539000	
6.578280	40.564000	
6.582700	40.588000	
6.587110	40.613000	
6.591530	40.637000	
6.595940	40.662000	
6.600360	40.687000	
6.604780	40.711000	
6.609190	40.736000	
6.613610	40.760000	
6.618020	40.785000	
6.622440	40.809000	
6.626860	40.834000	
6.631270	40.858000	
6.635690	40.883000	
6.640100	40.907000	
6.644520	40.932000	
6.648940	40.956000	
6.653350	40.981000	
6.657770	41.005000	
6.662180	41.029000	
6.666600	41.054000	
6.671020	41.078000	
6.675430	41.103000	
6.679850	41.127000	
6.684260	41.151000	
6.688680	41.175000	
6.693100	41.200000	
6.697510	41.224000	
6.701930	41.248000	
6.706340	41.273000	
6.710760	41.297000	
6.715180	41.321000	
6.719590	41.345000	
6.724010	41.369000	
6.728420	41.394000	
6.732840	41.418000	
6.737260	41.442000	
6.741670	41.466000	
6.746090	41.490000	
6.750500	41.514000	
6.754920	41.538000	
6.759340	41.562000	
6.763750	41.586000	
6.768170	41.610000	
6.772580	41.634000	
6.777000	41.658000	
6.781420	41.682000	
6.785830	41.706000	
6.790250	41.730000	
6.794660	41.754000	
6.799080	41.778000	
6.803500	41.802000	
6.807910	41.826000	
6.812330	41.850000	
6.816740	41.874000	
6.821160	41.898000	
6.825580	41.922000	
6.829990	41.946000	
6.834410	41.969000	
6.838820	41.993000	
6.843240	42.017000	
6.847660	42.041000	
6.852070	42.065000	
6.856490	42.088000	
6.860900	42.112000	
6.865320	42.136000	
6.869740	42.160000	
6.874150	42.183000	
6.878570	42.207000	
6.882980	42.231000	
6.887400	42.255000	
6.891820	42.278000	
6.896230	42.302000	
6.900650	42.325000	
6.905060	42.349000	
6.909480	42.373000	
6.913900	42.396000	
6.918310	42.420000	
6.922730	42.443000	
6.927140	42.467000	
6.931560	42.491000	
6.935980	42.514000	
6.940390	42.538000	
6.944810	42.561000	
6.949220	42.585000	
6.953640	42.608000	
6.958060	42.632000	
6.962470	42.655000	
6.966890	42.678000	
6.971300	42.702000	
6.975720	42.725000	
6.980140	42.749000	
6.984550	42.772000	
6.988970	42.796000	
6.993380	42.819000	
6.997800	42.842000	
7.002220	42.866000	
7.006630	42.889000	
7.011050	42.912000	
7.015460	42.936000	
7.019880	42.959000	
7.024300	42.982000	
7.028710	43.005000	
7.033130	43.029000	
7.037540	43.052000	
7.041960	43.075000	
7.046380	43.098000	
7.050790	43.122000	
7.055210	43.145000	
7.059620	43.168000	
7.064040	43.191000	
7.068460	43.214000	
7.072870	43.237000	
7.077290	43.260000	
7.081700	43.284000	
7.086120	43.307000	
7.090540	43.330000	
7.094950	43.353000	
7.099370	43.376000	
7.103780	43.399000	
7.108200	43.422000	
7.112620	43.445000	
7.117030	43.468000	
7.121450	43.491000	
7.125860	43.514000	
7.130280	43.537000	
7.134700	43.560000	
7.139110	43.583000	
7.143530	43.606000	
7.147940	43.629000	
7.152360	43.652000	
7.156780	43.675000	
7.161190	43.698000	
7.165610	43.720000	
7.170020	43.743000	
7.174440	43.766000	
7.178860	43.789000	
7.183270	43.812000	
7.187690	43.835000	
7.192100	43.858000	
7.196520	43.880000	
7.200940	43.903000	
7.205350	43.926000	
7.209770	43.949000	
7.214180	43.971000	
7.218600	43.994000	
7.223020	44.017000	
7.227430	44.040000	
7.231850	44.062000	
7.236260	44.085000	
7.240680	44.108000	
7.245100	44.130000	
7.249510	44.153000	
7.253930	44.176000	
7.258340	44.198000	
7.262760	44.221000	
7.267180	44.244000	
7.271590	44.266000	
7.276010	44.289000	
7.280420	44.311000	
7.284840	44.334000	
7.289260	44.356000	
7.293670	44.379000	
7.298090	44.401000	
7.302500	44.424000	
7.306920	44.447000	
7.311340	44.469000	
7.315750	44.492000	
7.320170	44.514000	
7.324580	44.536000	
7.329000	44.559000	
7.333420	44.581000	
7.337830	44.604000	
7.342250	44.626000	
7.346660	44.649000	
7.351080	44.671000	
7.355500	44.693000	
7.359910	44.716000	
7.364330	44.738000	
7.368740	44.760000	
7.373160	44.783000	
7.377580	44.805000	
7.381990	44.827000	
7.386410	44.850000	
7.390820	44.872000	
7.395240	44.894000	
7.399660	44.917000	
7.404070	44.939000	
7.408490	44.961000	
7.412900	44.983000	
7.417320	45.006000	
7.421740	45.028000	
7.426150	45.050000	
7.430570	45.072000	
7.434980	45.094000	
7.439400	45.117000	
7.443820	45.139000	
7.448230	45.161000	
7.452650	45.183000	
7.457060	45.205000	
7.461480	45.227000	
7.465900	45.249000	
7.470310	45.272000	
7.474730	45.294000	
7.479140	45.316000	
7.483560	45.338000	
7.487980	45.360000	
7.492390	45.382000	
7.496810	45.404000	
7.501220	45.426000	
7.505640	45.448000	
7.510060	45.470000	
7.514470	45.492000	
7.518890	45.514000	
7.523300	45.536000	
7.527720	45.558000	
7.532140	45.580000	
7.536550	45.602000	
7.540970	45.624000	
7.545380	45.646000	
7.549800	45.668000	
7.554220	45.689000	
7.558630	45.711000	
7.563050	45.733000	
7.567460	45.755000	
7.571880	45.777000	
7.576300	45.799000	
7.580710	45.821000	
7.585130	45.842000	
7.589540	45.864000	
7.593960	45.886000	
7.598380	45.908000	
7.602790	45.930000	
7.607210	45.951000	
7.611620	45.973000	
7.616040	45.995000	
7.620460	46.017000	
7.624870	46.038000	
7.629290	46.060000	
7.633700	46.082000	
7.638120	46.103000	
7.642540	46.125000	
7.646950	46.147000	
7.651370	46.169000	
7.655780	46.190000	
7.660200	46.212000	
7.664620	46.233000	
7.669030	46.255000	
7.673450	46.277000	
7.677860	46.298000	
7.682280	46.320000	
7.686700	46.342000	
7.691110	46.363000	
7.695530	46.385000	
7.699940	46.406000	
7.704360	46.428000	
7.708780	46.449000	
7.713190	46.471000	
7.717610	46.492000	
7.722020	46.514000	
7.726440	46.535000	
7.730860	46.557000	
7.735270	46.578000	
7.739690	46.600000	
7.744100	46.621000	
7.748520	46.643000	
7.752940	46.664000	
7.757350	46.686000	
7.761770	46.707000	
7.766180	46.728000	
7.770600	46.750000	
7.775020	46.771000	
7.779430	46.793000	
7.783850	46.814000	
7.788260	46.835000	
7.792680	46.857000	
7.797100	46.878000	
7.801510	46.899000	
7.805930	46.921000	
7.810340	46.942000	
7.814760	46.963000	
7.819180	46.985000	
7.823590	47.006000	
7.828010	47.027000	
7.832420	47.048000	
7.836840	47.070000	
7.841260	47.091000	
7.845670	47.112000	
7.850090	47.133000	
7.854500	47.155000	
7.858920	47.176000	
7.863340	47.197000	
7.867750	47.218000	
7.872170	47.239000	
7.876580	47.261000	
7.881000	47.282000	
7.885420	47.303000	
7.889830	47.324000	
7.894250	47.345000	
7.898660	47.366000	
7.903080	47.387000	
7.907500	47.408000	
7.911910	47.430000	
7.916330	47.451000	
7.920740	47.472000	
7.925160	47.493000	
7.929580	47.514000	
7.933990	47.535000	
7.938410	47.556000	
7.942820	47.577000	
7.947240	47.598000	
7.951660	47.619000	
7.956070	47.640000	
7.960490	47.661000	
7.964900	47.682000	
7.969320	47.703000	
7.973740	47.724000	
7.978150	47.745000	
7.982570	47.766000	
7.986980	47.787000	
7.991400	47.808000	
7.995820	47.829000	
8.000230	47.849000	
8.004650	47.870000	
8.009060	47.891000	
8.013480	47.912000	
8.017900	47.933000	
8.022310	47.954000	
8.026730	47.975000	
8.031140	47.996000	
8.035560	48.016000	
8.039980	48.037000	
8.239980	1.000000	
10.040010	2.000000	
10.080020	3.000000	
10.084430	4.000000	
10.120020	5.000000	
10.124440	6.000000	
10.128860	7.000000	
10.133270	8.000000	
10.160030	9.000000	
10.164450	10.000000	
10.168860	10.100000	
10.173280	10.199000	
10.177700	10.297000	
10.182110	10.394000	
10.186530	10.490000	
10.190940	10.586000	
10.200040	10.680000	
10.204460	10.774000	
10.208870	10.867000	
10.213290	10.959000	
10.217700	11.050000	
10.222120	11.140000	
10.226540	11.230000	
10.230950	11.319000	
10.235370	11.408000	
10.239780	11.495000	
10.244200	11.582000	
10.248620	11.669000	
10.253030	11.754000	
10.257450	11.839000	
10.261860	11.924000	
10.266280	12.008000	
10.270700	12.091000	
10.275110	12.174000	
10.279530	12.256000	
10.283940	12.337000	
10.288360	12.418000	
10.292780	12.499000	
10.297190	12.579000	
10.301610	12.658000	
10.306020	12.737000	
10.310440	12.816000	
10.314860	12.894000	
10.319270	12.972000	
10.323690	13.049000	
10.328100	13.125000	
10.332520	13.201000	
10.336940	13.277000	
10.341350	13.353000	
10.345770	13.427000	
10.350180	13.502000	
10.354600	13.576000	
10.359020	13.650000	
10.363430	13.723000	
10.367850	13.796000	
10.372260	13.868000	
10.376680	13.940000	
10.381100	14.012000	
10.385510	14.083000	
10.389930	14.154000	
10.394340	14.225000	
10.398760	14.295000	
10.403180	14.365000	
10.407590	14.435000	
10.412010	14.504000	
10.416420	14.573000	
10.420840	14.642000	
10.425260	14.710000	
10.429670	14.778000	
10.434090	14.846000	
10.438500	14.913000	
10.442920	14.980000	
10.447340	15.047000	
10.451750	15.113000	
10.456170	15.180000	
10.460580	15.245000	
10.465000	15.311000	
10.469420	15.376000	
10.473830	15.441000	
10.478250	15.506000	
10.482660	15.571000	
10.487080	15.635000	
10.491500	15.699000	
10.495910	15.763000	
10.500330	15.826000	
10.504740	15.889000	
10.509160	15.952000	
10.513580	16.015000	
10.517990	16.077000	
10.522410	16.139000	
10.526820	16.201000	
10.531240	16.263000	
10.535660	16.325000	
10.540070	16.386000	
10.544490	16.447000	
10.548900	16.508000	
10.553320	16.568000	
10.557740	16.629000	
10.562150	16.689000	
10.566570	16.749000	
10.570980	16.808000	
10.575400	16.868000	
10.579820	16.927000	
10.584230	16.986000	
10.588650	17.045000	
10.593060	17.104000	
10.597480	17.162000	
10.601900	17.220000	
10.606310	17.279000	
10.610730	17.336000	
10.615140	17.394000	
10.619560	17.452000	
10.623980	17.509000	
10.628390	17.566000	
10.632810	17.623000	
10.637220	17.680000	
10.641640	17.736000	
10.646060	17.793000	
10.650470	17.849000	
10.654890	17.905000	
10.659300	17.961000	
10.663720	18.016000	
10.668140	18.072000	
10.672550	18.127000	
10.676970	18.182000	
10.681380	18.237000	
10.685800	18.292000	
10.690220	18.347000	
10.694630	18.401000	
10.699050	18.456000	
10.703460	18.510000	
10.707880	18.564000	
10.712300	18.618000	
10.716710	18.672000	
10.721130	18.725000	
10.725540	18.778000	
10.729960	18.832000	
10.734380	18.885000	
10.738790	18.938000	
10.743210	18.991000	
10.747620	19.043000	
10.752040	19.096000	
10.756460	19.148000	
10.760870	19.200000	
10.765290	19.252000	
10.769700	19.304000	
10.774120	19.356000	
10.778540	19.408000	
10.782950	19.459000	
10.787370	19.511000	
10.791780	19.562000	
10.796200	19.613000	
10.800620	19.664000	
10.805030	19.715000	
10.809450	19.766000	
10.813860	19.816000	
10.818280	19.867000	
10.822700	19.917000	
10.827110	19.967000	
10.831530	20.017000	
10.835940	20.067000	
10.840360	20.117000	
10.844780	20.167000	
10.849190	20.216000	
10.853610	20.266000	
10.858020	20.315000	
10.862440	20.365000	
10.866860	20.414000	
10.871270	20.463000	
10.875690	20.511000	
10.880100	20.560000	
10.884520	20.609000	
10.888940	20.657000	
10.893350	20.706000	
10.897770	20.754000	
10.902180	20.802000	
10.906600	20.850000	
10.911020	20.898000	
10.915430	20.946000	
10.919850	20.994000	
10.924260	21.042000	
10.928680	21.089000	
10.933100	21.136000	
10.937510	21.184000	
10.941930	21.231000	
10.946340	21.278000	
10.950760	21.325000	
10.955180	21.372000	
10.959590	21.419000	
10.964010	21.465000	
10.968420	21.512000	
10.972840	21.559000	
10.977260	21.605000	
10.981670	21.651000	
10.986090	21.697000	
10.990500	21.743000	
10.994920	21.789000	
10.999340	21.835000	
11.003750	21.881000	
11.008170	21.927000	
11.012580	21.972000	
11.017000	22.018000	
11.021420	22.063000	
11.025830	22.109000	
11.030250	22.154000	
11.034660	22.199000	
11.039080	22.244000	
11.043500	22.289000	
11.047910	22.334000	
11.052330	22.379000	
11.056740	22.423000	
11.061160	22.468000	
11.065580	22.513000	
11.069990	22.557000	
11.074410	22.601000	
11.078820	22.646000	
11.083240	22.690000	
11.087660	22.734000	
11.092070	22.778000	
11.096490	22.822000	
11.100900	22.865000	
11.105320	22.909000	
11.109740	22.953000	
11.114150	22.996000	
11.118570	23.040000	
11.122980	23.083000	
11.127400	23.127000	
11.131820	23.170000	
11.136230	23.213000	
11.140650	23.256000	
11.145060	23.299000	
11.149480	23.342000	
11.153900	23.385000	
11.158310	23.428000	
11.162730	23.470000	
11.167140	23.513000	
11.171560	23.555000	
11.175980	23.598000	
11.180390	23.640000	
11.184810	23.683000	
11.189220	23.725000	
11.193640	23.767000	
11.198060	23.809000	
11.202470	23.851000	
11.206890	23.893000	
11.211300	23.935000	
11.215720	23.977000	
11.220140	24.018000	
11.224550	24.060000	
11.228970	24.101000	
11.233380	24.143000	
11.237800	24.184000	
11.242220	24.226000	
11.246630	24.267000	
11.251050	24.308000	
11.255460	24.349000	
11.259880	24.390000	
11.264300	24.431000	
11.268710	24.472000	
11.273130	24.513000	
11.277540	24.554000	
11.281960	24.595000	
11.286380	24.635000	
11.290790	24.676000	
11.295210	24.717000	
11.299620	24.757000	
11.304040	24.797000	
11.308460	24.838000	
11.312870	24.878000	
11.317290	24.918000	
11.321700	24.958000	
11.326120	24.998000	
11.330540	25.038000	
11.334950	25.078000	
11.339370	25.118000	
11.343780	25.158000	
11.348200	25.198000	
11.352620	25.237000	
11.357030	25.277000	
11.361450	25.317000	
11.365860	25.356000	
11.370280	25.396000	
11.374700	25.435000	
11.379110	25.474000	
11.383530	25.514000	
11.387940	25.553000	
11.392360	25.592000	
11.396780	25.631000	
11.401190	25.670000	
11.405610	25.709000	
11.410020	25.748000	
11.414440	25.787000	
11.418860	25.825000	
11.423270	25.864000	
11.427690	25.903000	
11.432100	25.941000	
11.436520	25.980000	
11.440940	26.018000	
11.445350	26.057000	
11.449770	26.095000	
11.454180	26.134000	
11.458600	26.172000	
11.463020	26.210000	
11.467430	26.248000	
11.471850	26.286000	
11.476260	26.324000	
11.480680	26.362000	
11.485100	26.400000	
11.489510	26.438000	
11.493930	26.476000	
11.498340	26.514000	
11.502760	26.551000	
11.507180	26.589000	
11.511590	26.627000	
11.516010	26.664000	
11.520420	26.702000	
11.524840	26.739000	
11.529260	26.777000	
11.533670	26.814000	
11.538090	26.851000	
11.542500	26.888000	
11.546920	26.926000	
11.551340	26.963000	
11.555750	27.000000	
11.560170	27.037000	
11.564580	27.074000	
11.569000	27.111000	
11.573420	27.148000	
11.577830	27.185000	
11.582250	27.221000	
11.586660	27.258000	
11.591080	27.295000	
11.595500	27.331000	
11.599910	27.368000	
11.604330	27.405000	
11.608740	27.441000	
11.613160	27.477000	
11.617580	27.514000	
11.621990	27.550000	
11.626410	27.587000	
11.630820	27.623000	
11.635240	27.659000	
11.639660	27.695000	
11.644070	27.731000	
11.648490	27.767000	
11.652900	27.803000	
11.657320	27.839000	
11.661740	27.875000	
11.666150	27.911000	
11.670570	27.947000	
11.674980	27.983000	
11.679400	28.018000	
11.683820	28.054000	
11.688230	28.090000	
11.692650	28.125000	
11.697060	28.161000	
11.701480	28.196000	
11.705900	28.232000	
11.710310	28.267000	
11.714730	28.303000	
11.719140	28.338000	
11.723560	28.373000	
11.727980	28.409000	
11.732390	28.444000	
11.736810	28.479000	
11.741220	28.514000	
11.745640	28.549000	
11.750060	28.584000	
11.754470	28.619000	
11.758890	28.654000	
11.763300	28.689000	
11.767720	28.724000	
11.772140	28.759000	
11.776550	28.793000	
11.780970	28.828000	
11.785380	28.863000	
11.789800	28.897000	
11.794220	28.932000	
11.798630	28.967000	
11.803050	29.001000	
11.807460	29.036000	
11.811880	29.070000	
11.816300	29.104000	
11.820710	29.139000	
11.825130	29.173000	
11.829540	29.207000	
11.833960	29.242000	
11.838380	29.276000	
11.842790	29.310000	
11.847210	29.344000	
11.851620	29.378000	
11.856040	29.412000	
11.860460	29.446000	
11.864870	29.480000	
11.869290	29.514000	
11.873700	29.548000	
11.878120	29.582000	
11.882540	29.616000	
11.886950	29.649000	
11.891370	29.683000	
11.895780	29.717000	
11.900200	29.751000	
11.904620	29.784000	
11.909030	29.818000	
11.913450	29.851000	
11.917860	29.885000	
11.922280	29.918000	
11.926700	29.952000	
11.931110	29.985000	
11.935530	30.018000	
11.939940	30.052000	
11.944360	30.085000	
11.948780	30.118000	
11.953190	30.151000	
11.957610	30.185000	
11.962020	30.218000	
11.966440	30.251000	
11.970860	30.284000	
11.975270	30.317000	
11.979690	30.350000	
11.984100	30.383000	
11.988520	30.416000	
11.992940	30.449000	
11.997350	30.481000	
12.001770	30.514000	
12.006180	30.547000	
12.010600	30.580000	
12.015020	30.612000	
12.019430	30.645000	
12.023850	30.678000	
12.028260	30.710000	
12.032680	30.743000	
12.037100	30.775000	
12.041510	30.808000	
12.045930	30.840000	
12.050340	30.873000	
12.054760	30.905000	
12.059180	30.938000	
12.063590	30.970000	
12.068010	31.002000	
12.072420	31.034000	
12.076840	31.067000	
12.081260	31.099000	
12.085670	31.131000	
12.090090	31.163000	
12.094500	31.195000	
12.098920	31.227000	
12.103340	31.259000	
12.107750	31.291000	
12.112170	31.323000	
12.116580	31.355000	
12.121000	31.387000	
12.125420	31.419000	
12.129830	31.451000	
12.134250	31.483000	
12.138660	31.514000	
12.143080	31.546000	
12.147500	31.578000	
12.151910	31.609000	
12.156330	31.641000	
12.160740	31.673000	
12.165160	31.704000	
12.169580	31.736000	
12.173990	31.767000	
12.178410	31.799000	
12.182820	31.830000	
12.187240	31.862000	
12.191660	31.893000	
12.196070	31.924000	
12.200490	31.956000	
12.204900	31.987000	
12.209320	32.018000	
12.213740	32.049000	
12.218150	32.081000	
12.222570	32.112000	
12.226980	32.143000	
12.231400	32.174000	
12.235820	32.205000	
12.240230	32.236000	
12.244650	32.267000	
12.249060	32.298000	
12.253480	32.329000	
12.257900	32.360000	
12.262310	32.391000	
12.266730	32.422000	
12.271140	32.453000	
12.275560	32.484000	
12.279980	32.514000	
12.284390	32.545000	
12.288810	32.576000	
12.293220	32.607000	
12.297640	32.637000	
12.302060	32.668000	
12.306470	32.698000	
12.310890	32.729000	
12.315300	32.760000	
12.319720	32.790000	
12.324140	32.821000	
12.328550	32.851000	
12.332970	32.881000	
12.337380	32.912000	
12.341800	32.942000	
12.346220	32.973000	
12.350630	33.003000	
12.355050	33.033000	
12.359460	33.064000	
12.363880	33.094000	
12.368300	33.124000	
12.372710	33.154000	
12.377130	33.184000	
12.381540	33.214000	
12.385960	33.245000	
12.390380	33.275000	
12.394790	33.305000	
12.399210	33.335000	
12.403620	33.365000	
12.408040	33.395000	
12.412460	33.425000	
12.416870	33.455000	
12.421290	33.484000	
12.425700	33.514000	
12.430120	33.544000	
12.434540	33.574000	
12.438950	33.604000	
12.443370	33.634000	
12.447780	33.663000	
12.452200	33.693000	
12.456620	33.723000	
12.461030	33.752000	
12.465450	33.782000	
12.469860	33.812000	
12.474280	33.841000	
12.478700	33.871000	
12.483110	33.900000	
12.487530	33.930000	
12.491940	33.959000	
12.496360	33.989000	
12.500780	34.018000	
12.505190	34.047000	
12.509610	34.077000	
12.514020	34.106000	
12.518440	34.135000	
12.522860	34.165000	
12.527270	34.194000	
12.531690	34.223000	
12.536100	34.252000	
12.540520	34.282000	
12.544940	34.311000	
12.549350	34.340000	
12.553770	34.369000	
12.558180	34.398000	
12.562600	34.427000	
12.567020	34.456000	
12.571430	34.485000	
12.575850	34.514000	
12.580260	34.543000	
12.584680	34.572000	
12.589100	34.601000	
12.593510	34.630000	
12.597930	34.659000	
12.602340	34.688000	
12.606760	34.717000	
12.611180	34.745000	
12.615590	34.774000	
12.620010	34.803000	
12.624420	34.832000	
12.628840	34.860000	
12.633260	34.889000	
12.637670	34.918000	
12.642090	34.946000	
12.646500	34.975000	
12.650920	35.004000	
12.655340	35.032000	
12.659750	35.061000	
12.664170	35.089000	
12.668580	35.118000	
12.673000	35.146000	
12.677420	35.175000	
12.681830	35.203000	
12.686250	35.232000	
12.690660	35.260000	
12.695080	35.288000	
12.699500	35.317000	
12.703910	35.345000	
12.708330	35.373000	
12.712740	35.402000	
12.717160	35.430000	
12.721580	35.458000	
12.725990	35.486000	
12.730410	35.514000	
12.734820	35.543000	
12.739240	35.571000	
12.743660	35.599000	
12.748070	35.627000	
12.752490	35.655000	
12.756900	35.683000	
12.761320	35.711000	
12.765740	35.739000	
12.770150	35.767000	
12.774570	35.795000	
12.778980	35.823000	
12.783400	35.851000	
12.787820	35.879000	
12.792230	35.907000	
12.796650	35.934000	
12.801060	35.962000	
12.805480	35.990000	
12.809900	36.018000	
12.814310	36.046000	
12.818730	36.073000	
12.823140	36.101000	
12.827560	36.129000	
12.831980	36.156000	
12.836390	36.184000	
12.840810	36.212000	
12.845220	36.239000	
12.849640	36.267000	
12.854060	36.295000	
12.858470	36.322000	
12.862890	36.350000	
12.867300	36.377000	
12.871720	36.405000	
12.876140	36.432000	
12.880550	36.460000	
12.884970	36.487000	
12.889380	36.514000	
12.893800	36.542000	
12.898220	36.569000	
12.902630	36.596000	
12.907050	36.624000	
12.911460	36.651000	
12.915880	36.678000	
12.920300	36.706000	
12.924710	36.733000	
12.929130	36.760000	
12.933540	36.787000	
12.937960	36.814000	
12.942380	36.842000	
12.946790	36.869000	
12.951210	36.896000	
12.955620	36.923000	
12.960040	36.950000	
12.964460	36.977000	
12.968870	37.004000	
12.973290	37.031000	
12.977700	37.058000	
12.982120	37.085000	
12.986540	37.112000	
12.990950	37.139000	
12.995370	37.166000	
12.999780	37.193000	
13.004200	37.220000	
13.008620	37.247000	
13.013030	37.274000	
13.017450	37.300000	
13.021860	37.327000	
13.026280	37.354000	
13.030700	37.381000	
13.035110	37.408000	
13.039530	37.434000	
13.043940	37.461000	
13.048360	37.488000	
13.052780	37.514000	
13.057190	37.541000	
13.061610	37.568000	
13.066020	37.594000	
13.070440	37.621000	
13.074860	37.647000	
13.079270	37.674000	
13.083690	37.701000	
13.088100	37.727000	
13.092520	37.754000	
13.096940	37.780000	
13.101350	37.807000	
13.105770	37.833000	
13.110180	37.859000	
13.114600	37.886000	
13.119020	37.912000	
13.123430	37.939000	
13.127850	37.965000	
13.132260	37.991000	
13.136680	38.018000	
13.141100	38.044000	
13.145510	38.070000	
13.149930	38.096000	
13.154340	38.123000	
13.158760	38.149000	
13.163180	38.175000	
13.167590	38.201000	
13.172010	38.228000	
13.176420	38.254000	
13.180840	38.280000	
13.185260	38.306000	
13.189670	38.332000	
13.194090	38.358000	
13.198500	38.384000	
13.202920	38.410000	
13.207340	38.436000	
13.211750	38.462000	
13.216170	38.488000	
13.220580	38.514000	
13.225000	38.540000	
13.229420	38.566000	
13.233830	38.592000	
13.238250	38.618000	
13.242660	38.644000	
13.247080	38.670000	
13.251500	38.696000	
13.255910	38.722000	
13.260330	38.747000	
13.264740	38.773000	
13.269160	38.799000	
13.273580	38.825000	
13.277990	38.850000	
13.282410	38.876000	
13.286820	38.902000	
13.291240	38.928000	
13.295660	38.953000	
13.300070	38.979000	
13.304490	39.005000	
13.308900	39.030000	
13.313320	39.056000	
13.317740	39.082000	
13.322150	39.107000	
13.326570	39.133000	
13.330980	39.158000	
13.335400	39.184000	
13.339820	39.209000	
13.344230	39.235000	
13.348650	39.260000	
13.353060	39.286000	
13.357480	39.311000	
13.361900	39.337000	
13.366310	39.362000	
13.370730	39.387000	
13.375140	39.413000	
13.379560	39.438000	
13.383980	39.464000	
13.388390	39.489000	
13.392810	39.514000	
13.397220	39.540000	
13.401640	39.565000	
13.406060	39.590000	
13.410470	39.615000	
13.414890	39.641000	
13.419300	39.666000	
13.423720	39.691000	
13.428140	39.716000	
13.432550	39.741000	
13.436970	39.767000	
13.441380	39.792000	
13.445800	39.817000	
13.450220	39.842000	
13.454630	39.867000	
13.459050	39.892000	
13.463460	39.917000	
13.467880	39.942000	
13.472300	39.967000	
13.476710	39.992000	
13.481130	40.017000	
13.485540	40.042000	
13.489960	40.067000	
13.494380	40.092000	
13.498790	40.117000	
13.503210	40.142000	
13.507620	40.167000	
13.512040	40.192000	
13.516460	40.217000	
13.520870	40.242000	
13.525290	40.267000	
13.529700	40.291000	
13.534120	40.316000	
13.538540	40.341000	
13.542950	40.366000	
13.547370	40.391000	
13.551780	40.415000	
13.556200	40.440000	
13.560620	40.465000	
13.565030	40.490000	
13.569450	40.514000	
13.573860	40.539000	
13.578280	40.564000	
13.582700	40.588000	
13.587110	40.613000	
13.591530	40.637000	
13.595940	40.662000	
13.600360	40.687000	
13.604780	40.711000	
13.609190	40.736000	
13.613610	40.760000	
13.618020	40.785000	
13.622440	40.809000	
13.626860	40.834000	
13.631270	40.858000	
13.635690	40.883000	
13.640100	40.907000	
13.644520	40.932000	
13.648940	40.956000	
13.653350	40.981000	
13.657770	41.005000	
13.662180	41.029000	
13.666600	41.054000	
13.671020	41.078000	
13.675430	41.103000	
13.679850	41.127000	
13.684260	41.151000	
13.688680	41.175000	
13.693100	41.200000	
13.697510	41.224000	
13.701930	41.248000	
13.706340	41.273000	
13.710760	41.297000	
13.715180	41.321000	
13.719590	41.345000	
13.724010	41.369000	
13.728420	41.394000	
13.732840	41.418000	
13.737260	41.442000	
13.741670	41.466000	
13.746090	41.490000	
13.750500	41.514000	
13.754920	41.538000	
13.759340	41.562000	
13.763750	41.586000	
13.768170	41.610000	
13.772580	41.634000	
13.777000	41.658000	
13.781420	41.682000	
13.785830	41.706000	
13.790250	41.730000	
13.794660	41.754000	
13.799080	41.778000	
13.803500	41.802000	
13.807910	41.826000	
13.812330	41.850000	
13.816740	41.874000	
13.821160	41.898000	
13.825580	41.922000	
13.829990	41.946000	
13.834410	41.969000	
13.838820	41.993000	
13.843240	42.017000	
13.847660	42.041000	
13.852070	42.065000	
13.856490	42.088000	
13.860900	42.112000	
13.865320	42.136000	
13.869740	42.160000	
13.874150	42.183000	
13.878570	42.207000	
13.882980	42.231000	
13.887400	42.255000	
13.891820	42.278000	
13.896230	42.302000	
13.900650	42.325000	
13.905060	42.349000	
13.909480	42.373000	
13.913900	42.396000	
13.918310	42.420000	
13.922730	42.443000	
13.927140	42.467000	
13.931560	42.491000	
13.935980	42.514000	
13.940390	42.538000	
13.944810	42.561000	
13.949220	42.585000	
13.953640	42.608000	
13.958060	42.632000	
13.962470	42.655000	
13.966890	42.678000	
13.971300	42.702000	
13.975720	42.725000	
13.980140	42.749000	
13.984550	42.772000	
13.988970	42.796000	
13.993380	42.819000	
13.997800	42.842000	
14.002220	42.866000	
14.006630	42.889000	
14.011050	42.912000	
14.015460	42.936000	
14.019880	42.959000	
14.024300	42.982000	
14.028710	43.005000	
14.033130	43.029000	
14.037540	43.052000	
14.041960	43.075000	
14.046380	43.098000	
14.050790	43.122000	
14.055210	43.145000	
14.059620	43.168000	
14.064040	43.191000	
14.068460	43.214000	
14.072870	43.237000	
14.077290	43.260000	
14.081700	43.284000	
14.086120	43.307000	
14.090540	43.330000	
14.094950	43.353000	
14.099370	43.376000	
14.103780	43.399000	
14.108200	43.422000	
14.112620	43.445000	
14.117030	43.468000	
14.121450	43.491000	
14.125860	43.514000	
14.130280	43.537000	
14.134700	43.560000	
14.139110	43.583000	
14.143530	43.606000	
14.147940	43.629000	
14.152360	43.652000	
14.156780	43.675000	
14.161190	43.698000	
14.165610	43.720000	
14.170020	43.743000	
14.174440	43.766000	
14.178860	43.789000	
14.183270	43.812000	
14.187690	43.835000	
14.192100	43.858000	
14.196520	43.880000	
14.200940	43.903000	
14.205350	43.926000	
14.209770	43.949000	
14.214180	43.971000	
14.218600	43.994000	
14.223020	44.017000	
14.227430	44.040000	
14.231850	44.062000	
14.236260	44.085000	
14.240680	44.108000	
14.245100	44.130000	
14.249510	44.153000	
14.253930	44.176000	
14.258340	44.198000	
14.262760	44.221000	
14.267180	44.244000	
14.271590	44.266000	
14.276010	44.289000	
14.280420	44.311000	
14.284840	44.334000	
14.289260	44.356000	
14.293670	44.379000	
14.298090	44.401000	
14.302500	44.424000	
14.306920	44.447000	
14.311340	44.469000	
14.315750	44.492000	
14.320170	44.514000	
14.324580	44.536000	
14.329000	44.559000	
14.333420	44.581000	
14.337830	44.604000	
14.342250	44.626000	
14.346660	44.649000	
14.351080	44.671000	
14.355500	44.693000	
14.359910	44.716000	
14.364330	44.738000	
14.368740	44.760000	
14.373160	44.783000	
14.377580	44.805000	
14.381990	44.827000	
14.386410	44.850000	
14.390820	44.872000	
14.395240	44.894000	
14.399660	44.917000	
14.404070	44.939000	
14.408490	44.961000	
14.412900	44.983000	
14.417320	45.006000	
14.421740	45.028000	
14.426150	45.050000	
14.430570	45.072000	
14.434980	45.094000	
14.439400	45.117000	
14.443820	45.139000	
14.448230	45.161000	
14.452650	45.183000	
14.457060	45.205000	
14.461480	45.227000	
14.465900	45.249000	
14.470310	45.272000	
14.474730	45.294000	
14.479140	45.316000	
14.483560	45.338000	
14.487980	45.360000	
14.492390	45.382000	
14.496810	45.404000	
14.501220	45.426000	
14.505640	45.448000	
14.510060	45.470000	
14.514470	45.492000	
14.518890	45.514000	
14.523300	45.536000	
14.527720	45.558000	
14.532140	45.580000	
14.536550	45.602000	
14.540970	45.624000	
14.545380	45.646000	
14.549800	45.668000	
14.554220	45.689000	
14.558630	45.711000	
14.563050	45.733000	
14.567460	45.755000	
14.571880	45.777000	
14.576300	45.799000	
14.580710	45.821000	
14.585130	45.842000	
14.589540	45.864000	
14.593960	45.886000	
14.598380	45.908000	
14.602790	45.930000	
14.607210	45.951000	
14.611620	45.973000	
14.616040	45.995000	
14.620460	46.017000	
14.624870	46.038000	
14.629290	46.060000	
14.633700	46.082000	
14.638120	46.103000	
14.642540	46.125000	
14.646950	46.147000	
14.651370	46.169000	
14.655780	46.190000	
14.660200	46.212000	
14.664620	46.233000	
14.669030	46.255000	
14.673450	46.277000	
14.677860	46.298000	
14.682280	46.320000	
14.686700	46.342000	
14.691110	46.363000	
14.695530	46.385000	
14.699940	46.406000	
14.704360	46.428000	
14.708780	46.449000	
14.713190	46.471000	
14.717610	46.492000	
14.722020	46.514000	
14.726440	46.535000	
14.730860	46.557000	
14.735270	46.578000	
14.739690	46.600000	
14.744100	46.621000	
14.748520	46.643000	
14.752940	46.664000	
14.757350	46.686000	
14.761770	46.707000	
14.766180	46.728000	
14.770600	46.750000	
14.775020	46.771000	
14.779430	46.793000	
14.783850	46.814000	
